CIUDADES: [[7, 5], [1, 1], [2, 4], [4, 6], [7, 4], [3, 8], [4, 0], [10, 5], [7, 2], [8, 7]] 
[9, 7, 8, 0, 4, 6, 1, 2, 3, 5] = 23.05909680029271 GENETICO
[5, 3, 2, 1, 6, 8, 4, 0, 9, 7] = 23.05909680029271 EVOLUTIVO
[9, 5, 3, 4, 0, 7, 8, 6, 1, 2] = 23.05909680029271 GENETIVCO
[7, 9, 0, 4, 8, 6, 1, 2, 3, 5] = 23.05909680029271 EVOLUTIVO
[7, 4, 0, 9, 8, 6, 1, 2, 3, 5] = 23.05909680029271 GENETICO

CIUDADES : [[7, 5], [3, 1], [0, 9], [8, 4], [1, 0], [9, 3], [6, 3], [3, 3], [2, 6], [0, 3], [1, 2], [5, 6], [9, 2], [5, 5], [0, 1], [4, 4], [0, 6], [2, 5], [10, 7], [3, 0], [2, 1], [8, 6], [1, 1], [6, 5], [8, 3], [0, 4], [4, 8], [8, 8], [8, 0], [0, 5]]

[17, 19, 7, 23, 27, 5, 28, 3, 29, 25, 15, 8, 11, 13, 12, 24, 21, 2, 26, 16, 22, 14, 9, 4, 20, 1, 10, 6, 0, 18] = 72.09168963201762 genetico
[18, 27, 21, 6, 7, 9, 25, 29, 16, 2, 8, 17, 10, 14, 22, 15, 26, 11, 13, 23, 0, 3, 24, 5, 12, 28, 19, 1, 20, 4] = 58.56686551783429 EVOLUTIVO